6, 8, 40.20, 2.76, 40.29, 0.08, 26.20
7, 546, 39.50, 0.21, 1.04, 0.26, 26.50
168, 149, 39.40, 0.23, 3.75, 0.08, 28.70
171, 535, 40.40, 0.20, 0.93, 0.26, 29.20
173, 459, 40.30, 0.62, 2.90, 0.26, 29.20
267, 214, 40.70, 0.40, 3.91, 0.14, 29.20
268, 548, 40.80, 0.19, 0.92, 0.26, 29.30
270, 396, 40.70, 0.56, 3.01, 0.23, 29.30
271, 548, 40.50, 0.21, 1.01, 0.26, 29.60
5, 138, 35.60, 0.53, 7.26, 0.11, 33.00
6, 483, 34.90, 0.39, 1.81, 0.26, 32.40
7, 483, 35.90, 0.38, 1.74, 0.26, 32.30
23, 493, 35.80, 0.53, 2.11, 0.26, 32.90
24, 483, 34.80, 0.40, 1.86, 0.26, 33.00
25, 484, 34.60, 0.36, 1.66, 0.26, 33.10
26, 483, 35.40, 0.41, 1.94, 0.26, 33.10
27, 483, 35.00, 0.41, 1.81, 0.26, 33.30
28, 483, 35.10, 0.25, 1.60, 0.26, 33.60
30, 129, 35.30, 0.41, 6.60, 0.08, 33.40
31, 483, 35.70, 0.42, 2.02, 0.26, 33.30
32, 483, 34.80, 0.34, 1.65, 0.26, 33.80
33, 483, 34.40, 0.16, 1.17, 0.26, 33.40
34, 482, 35.60, 0.42, 1.99, 0.26, 33.50
36, 126, 35.30, 0.36, 7.00, 0.08, 33.70
37, 482, 35.00, 0.47, 2.16, 0.26, 33.60
38, 482, 35.70, 0.47, 2.43, 0.26, 33.80
39, 483, 34.70, 0.49, 1.89, 0.26, 33.70
61, 493, 35.10, 0.28, 1.27, 0.26, 33.00
62, 483, 36.40, 0.51, 2.71, 0.26, 33.60
88, 8, 34.40, 2.67, 38.63, 0.08, 32.50
89, 484, 34.40, 0.40, 1.80, 0.26, 33.50
90, 483, 34.70, 0.22, 1.47, 0.26, 34.00
93, 22, 34.80, 0.44, 6.29, 0.08, 34.00
94, 484, 35.30, 0.43, 2.00, 0.26, 33.90
96, 289, 35.80, 0.86, 5.84, 0.20, 33.80
97, 483, 35.90, 0.41, 1.86, 0.26, 33.80
99, 140, 35.80, 0.55, 5.00, 0.11, 33.70
100, 482, 35.20, 0.40, 1.87, 0.26, 34.40
101, 482, 34.80, 0.45, 1.81, 0.26, 33.70
103, 233, 35.30, 0.96, 7.32, 0.17, 34.10
244, 140, 35.40, 0.69, 7.54, 0.11, 35.80
245, 484, 36.10, 0.34, 1.68, 0.26, 36.20
246, 484, 34.90, 0.32, 1.55, 0.26, 35.30
248, 484, 35.60, 0.52, 1.96, 0.26, 35.60
249, 484, 34.70, 1.50, 3.61, 0.26, 35.50
250, 484, 34.90, 0.48, 1.98, 0.26, 35.40
251, 483, 36.40, 0.36, 1.70, 0.26, 36.20
253, 0, 36.30, 0.00, 0.00, 0.00, 36.70
254, 486, 35.50, 0.51, 4.62, 0.26, 35.70
256, 16, 36.00, 0.29, 4.26, 0.08, 35.30
257, 484, 35.90, 0.36, 1.76, 0.26, 36.00
258, 484, 34.90, 0.39, 1.78, 0.26, 35.40
260, 347, 34.70, 0.69, 3.78, 0.23, 35.60
261, 484, 36.00, 0.39, 1.75, 0.26, 36.20
262, 485, 34.90, 0.39, 1.81, 0.26, 35.30
264, 460, 35.30, 0.80, 3.36, 0.29, 35.70
265, 484, 36.30, 0.34, 1.32, 0.26, 36.60
267, 485, 35.20, 0.33, 1.59, 0.26, 36.40
269, 234, 34.70, 0.70, 5.36, 0.17, 35.40
270, 484, 35.00, 0.33, 1.60, 0.26, 35.80
271, 485, 35.20, 0.35, 1.60, 0.26, 35.60
272, 485, 35.30, 0.32, 1.38, 0.26, 36.60
275, 405, 34.60, 1.46, 6.98, 0.26, 36.30
281, 80, 35.00, 0.51, 5.65, 0.08, 35.80
282, 485, 36.30, 0.32, 1.58, 0.26, 35.80
283, 485, 34.70, 2.10, 4.86, 0.26, 35.20
284, 485, 35.30, 0.33, 1.57, 0.26, 35.40
285, 485, 34.60, 0.36, 1.48, 0.26, 35.40
287, 485, 35.10, 0.28, 1.38, 0.26, 36.70
288, 485, 35.20, 0.45, 1.26, 0.26, 36.50
289, 485, 35.30, -0.18, -0.36, 0.26, 36.40
422, -2, 34.40, 1.06, 15.29, 0.08, 35.50
423, 485, 36.20, 0.49, 2.52, 0.26, 35.20
424, 484, 35.10, 0.33, 1.55, 0.26, 35.70
3, 0, 36.20, 0.00, 0.00, 0.00, 35.70
4, 487, 35.60, 0.36, 1.68, 0.26, 35.70
5, 485, 34.40, 0.38, 1.72, 0.26, 35.20
7, 502, 35.10, 0.15, 0.55, 0.26, 35.50
8, 485, 34.60, 0.32, 1.47, 0.26, 35.70
10, 125, 35.50, 0.33, 1.62, 0.08, 36.10
11, 485, 35.90, 0.33, 1.45, 0.26, 36.00
79, -3, 35.00, 2.30, 34.42, 0.08, 35.80
80, 485, 35.10, 0.27, 1.57, 0.26, 34.80
81, 485, 35.50, 0.26, 1.29, 0.26, 35.10
178, 7, 34.30, 2.75, 40.56, 0.08, 36.50
179, 483, 35.20, 0.50, 2.34, 0.26, 35.90
180, 8, 36.00, 0.00, 0.00, 0.00, 36.00
181, 486, 34.70, 0.37, 1.84, 0.26, 36.80
187, 459, 35.00, 1.25, 5.20, 0.29, 35.80
188, 484, 35.70, 0.43, 1.93, 0.26, 36.10
190, 123, 34.90, 0.38, 6.15, 0.08, 36.10
191, 482, 34.60, 0.50, 2.00, 0.26, 37.20
193, 173, 34.40, 0.99, 8.76, 0.14, 35.80
194, 482, 35.90, 0.49, 2.28, 0.26, 36.30
195, 483, 34.70, 1.60, 2.30, 0.26, 37.00
196, 482, 35.00, 0.46, 2.01, 0.26, 36.30
197, 483, 36.20, 0.35, 1.69, 0.26, 37.30
199, 124, 34.80, 0.44, 7.01, 0.08, 36.30
200, 482, 34.90, 0.63, 2.65, 0.26, 37.50
201, 483, 36.10, 0.41, 2.74, 0.26, 36.50
202, 483, 34.90, -0.46, 0.12, 0.26, 35.90
4, 94, 40.10, 0.53, 8.76, 0.08, 31.20
5, 538, 39.50, 0.84, 3.77, 0.26, 31.10
6, 538, 40.80, 0.81, 3.62, 0.26, 31.30
8, 325, 40.30, 0.81, 5.24, 0.20, 31.40
9, 539, 39.90, 0.67, 3.08, 0.26, 31.40
10, 20, 40.30, 0.35, 5.21, 0.08, 31.20
11, 540, 39.70, 0.62, 2.87, 0.26, 30.90
12, 538, 40.70, 0.75, 3.42, 0.26, 31.60
14, 388, 40.30, 0.95, 5.11, 0.23, 31.70
15, 539, 39.90, 0.75, 3.35, 0.26, 31.70
54, 261, 39.80, 0.72, 5.75, 0.17, 31.50
148, 509, 40.40, 0.64, 2.91, 0.26, 32.40
149, 541, 39.50, 0.59, 2.63, 0.26, 32.70
151, 541, 40.70, 0.57, 2.66, 0.26, 33.00
152, 145, 40.50, 0.40, 6.52, 0.08, 32.70
153, 542, 40.00, 0.58, 2.69, 0.26, 32.40
158, 17, 40.20, 0.32, 4.74, 0.08, 33.30
159, 541, 40.60, 0.59, 2.72, 0.26, 32.70
160, 542, 40.20, 0.57, 2.65, 0.26, 33.50
161, 541, 40.90, 0.61, 2.79, 0.26, 33.50
7, 537, 39.40, 0.48, 2.14, 0.26, 26.50
8, 541, 40.60, 0.49, 2.29, 0.26, 27.40
5, 451, 40.60, 1.06, 5.04, 0.26, 28.90
6, 537, 39.60, 0.71, 3.26, 0.26, 28.50
7, 0, 39.50, 0.00, 0.00, 0.00, 26.30
8, 535, 40.20, 0.56, 2.55, 0.26, 25.80
1, 260, 40.50, 0.78, 6.01, 0.17, 25.60
2, 167, 39.70, 0.31, 5.00, 0.08, 25.00
1, 508, 39.50, 0.69, 3.18, 0.26, 25.70
3, 388, 39.50, 0.94, 5.07, 0.23, 26.10
5, 453, 40.50, 1.05, 4.99, 0.26, 26.20
1, 452, 40.40, 1.00, 4.80, 0.26, 26.30
2, 541, 39.90, 0.61, 2.77, 0.26, 25.70
5, 537, 40.60, 0.60, 2.79, 0.26, 26.40
7, 528, 39.60, 0.62, 2.83, 0.26, 26.40
9, 453, 40.00, 0.99, 4.71, 0.26, 26.20
10, 542, 39.60, 0.58, 2.60, 0.26, 26.30
12, 162, 40.30, 0.43, 5.66, 0.11, 26.20
13, 542, 40.70, 0.55, 2.44, 0.26, 26.20
14, 147, 40.10, 0.26, 4.20, 0.08, 26.20
3, 391, 40.50, 0.76, 4.21, 0.23, 26.20
4, 541, 40.00, 0.56, 2.57, 0.26, 26.30
717, 242, 40.80, 4.52, 29.42, 0.20, 32.10
812, 244, 40.40, 5.95, 37.32, 0.13, 31.60
813, 278, 40.70, 8.56, 49.00, 0.21, 31.20
1001, 245, 40.50, 5.86, 36.81, 0.14, 31.50
1002, 213, 40.80, 2.65, 21.93, 0.13, 31.70
1003, 214, 39.60, 2.67, 21.99, 0.14, 31.90
1004, 215, 40.50, 2.66, 21.97, 0.14, 31.90
1005, 215, 39.70, 2.66, 21.95, 0.15, 32.10
1006, 212, 40.60, 2.65, 21.94, 0.13, 32.30
1007, 52, 40.60, 0.26, 3.72, 0.08, 32.40
1008, 213, 40.10, 2.66, 22.01, 0.15, 32.50
1009, 214, 40.30, 2.68, 21.98, 0.14, 32.70
1011, 219, 39.60, 2.72, 21.97, 0.14, 32.70
1012, 214, 39.30, 2.66, 22.02, 0.14, 32.90
1013, 227, 39.70, 2.94, 23.00, 0.15, 32.90
1014, 220, 39.20, 2.88, 23.03, 0.15, 33.30
1015, 219, 39.90, 2.89, 22.99, 0.15, 33.80
1016, 217, 41.00, 2.87, 22.99, 0.16, 34.00
1017, 219, 39.20, 2.88, 22.99, 0.16, 34.10
1018, 220, 40.20, 2.87, 22.95, 0.14, 33.80
1019, 223, 40.40, 3.09, 24.04, 0.17, 33.90
1020, 275, 39.80, 6.84, 40.08, 0.22, 34.30
1021, 280, 39.20, 10.58, 56.88, 0.17, 34.50
1022, 293, 38.90, 11.06, 57.14, 0.22, 34.50
1023, 307, 39.30, 11.58, 57.00, 0.23, 35.20
1024, 322, 40.00, 11.92, 56.76, 0.25, 36.00
1025, 328, 40.00, 12.36, 57.12, 0.29, 38.20
1026, 333, 39.20, 12.50, 56.88, 0.22, 38.10
1027, 332, 38.50, 12.49, 56.99, 0.28, 37.20
1028, 342, 39.60, 12.89, 56.86, 0.23, 39.00
1029, 345, 38.20, 12.99, 56.85, 0.32, 38.30
1031, 338, 39.00, 13.01, 57.07, 0.29, 38.80
1032, 343, 39.60, 13.07, 56.94, 0.24, 39.30
1033, 345, 39.40, 13.16, 56.78, 0.28, 39.50
1034, 346, 39.20, 13.35, 57.17, 0.31, 39.80
1035, 342, 38.40, 13.33, 57.19, 0.30, 41.80
1037, 219, 39.40, 2.17, 18.16, 0.14, 41.80
1038, 331, 39.80, 12.95, 56.97, 0.30, 40.40
1048, 219, 39.30, 2.99, 23.02, 0.16, 38.40
1050, 110, 39.00, 0.57, 8.43, 0.08, 39.60
1051, 282, 39.30, 8.43, 44.38, 0.25, 39.90
1053, 330, 38.90, 12.66, 56.95, 0.28, 38.20
1074, 107, 39.90, 0.62, 9.28, 0.08, 38.30
1075, 284, 38.80, 8.46, 45.06, 0.20, 38.70
1076, 318, 39.90, 12.08, 57.00, 0.29, 38.90
1078, 325, 39.10, 12.39, 56.88, 0.22, 39.50
1079, 333, 39.70, 12.63, 57.02, 0.29, 40.70
1080, 327, 38.30, 12.66, 56.97, 0.24, 39.60
1081, 337, 38.90, 12.88, 56.90, 0.32, 40.20
1138, 215, 39.20, 2.57, 21.00, 0.15, 38.90
1139, 310, 39.50, 11.52, 56.81, 0.28, 39.30
1140, 317, 39.90, 11.91, 56.88, 0.20, 39.10
1141, 328, 38.80, 12.29, 56.87, 0.27, 40.40
1142, 339, 39.50, 12.77, 57.11, 0.30, 41.60
1143, 347, 38.20, 12.92, 56.96, 0.31, 41.70
1144, 336, 38.40, 13.24, 58.16, 0.25, 42.00
1145, 341, 39.50, 13.36, 57.80, 0.24, 43.00
1146, 347, 38.30, 13.25, 56.96, 0.34, 42.90
1147, 352, 39.00, 13.50, 57.04, 0.30, 43.40
1149, 90, 39.10, 0.63, 9.38, 0.08, 43.20
1150, 274, 39.60, 7.08, 38.92, 0.22, 43.00
1151, 337, 38.40, 13.01, 56.99, 0.32, 44.10
1154, 226, 40.30, 2.11, 17.47, 0.14, 45.30
1155, 344, 38.20, 13.17, 56.83, 0.28, 45.20
1156, 345, 38.70, 14.08, 59.59, 0.32, 45.30
1157, 338, 38.20, 13.26, 57.10, 0.25, 44.50
1158, 343, 38.50, 13.35, 56.93, 0.25, 45.60
1159, 347, 38.80, 13.93, 58.23, 0.30, 47.00
1160, 348, 38.40, 13.90, 57.84, 0.26, 47.60
1161, 347, 38.40, 14.04, 58.02, 0.28, 47.80
1162, 349, 38.30, 14.01, 58.00, 0.31, 46.60
1163, 351, 38.40, 14.17, 58.00, 0.30, 46.90
1164, 344, 38.60, 13.62, 56.96, 0.32, 47.90
1165, 346, 38.10, 13.76, 56.94, 0.25, 48.10
1170, 238, 39.30, 5.04, 30.72, 0.15, 48.30
1171, 333, 39.00, 13.30, 56.99, 0.24, 47.80
1172, 339, 38.80, 13.45, 56.92, 0.31, 47.80
1174, 340, 39.30, 13.60, 57.20, 0.30, 48.00
1175, 339, 39.70, 13.56, 56.94, 0.31, 49.70
1176, 343, 39.70, 13.67, 57.06, 0.30, 49.70
1177, 339, 38.40, 13.59, 56.95, 0.33, 50.10
1178, 339, 39.40, 13.71, 57.17, 0.27, 50.70
1179, 340, 38.50, 13.76, 57.10, 0.25, 50.40
1180, 345, 39.00, 13.81, 56.80, 0.29, 50.20
1181, 343, 38.10, 13.87, 57.06, 0.31, 51.00
1193, 210, 39.80, 2.44, 20.03, 0.14, 48.10
1194, 330, 39.30, 13.15, 57.01, 0.28, 49.00
1195, 338, 38.00, 13.40, 57.01, 0.24, 49.60
1197, 338, 38.30, 13.46, 56.99, 0.30, 49.50
1198, 346, 39.30, 13.62, 56.82, 0.30, 49.60
1257, 225, 40.00, 4.78, 31.01, 0.20, 46.80
1258, 318, 38.40, 12.19, 56.98, 0.30, 46.60
1259, 326, 40.20, 12.58, 57.14, 0.28, 47.10
1260, 335, 38.90, 12.87, 57.00, 0.24, 48.60
1261, 338, 39.80, 13.02, 56.99, 0.31, 48.30
1262, 340, 39.40, 13.14, 57.06, 0.31, 49.10
1263, 341, 39.80, 13.26, 56.94, 0.30, 49.40
1264, 348, 38.50, 13.47, 56.89, 0.24, 50.00
1265, 347, 38.00, 13.45, 56.78, 0.27, 50.40
1266, 343, 39.80, 13.52, 57.03, 0.25, 51.30
1267, 343, 38.10, 13.58, 57.17, 0.28, 52.10
1268, 342, 38.60, 13.47, 56.91, 0.32, 52.90
1269, 343, 39.10, 13.68, 57.18, 0.29, 53.40
1271, 346, 39.60, 13.73, 57.08, 0.30, 53.20
1272, 349, 38.70, 13.88, 57.16, 0.30, 53.40
1303, 9, 40.10, 2.44, 35.65, 0.08, 49.80
1304, 214, 38.90, 2.83, 22.09, 0.15, 49.90
1305, 329, 40.00, 12.79, 57.04, 0.29, 50.50
1306, 335, 38.20, 12.97, 57.01, 0.31, 51.00
1307, 334, 38.90, 13.07, 57.02, 0.29, 51.30
2642, 17, 40.10, 0.34, 4.76, 0.08, 35.80
2643, 253, 39.50, 5.60, 35.72, 0.21, 34.50
2644, 258, 39.00, 9.89, 57.11, 0.17, 35.20
2645, 280, 39.30, 10.53, 56.94, 0.18, 36.60
2646, 299, 39.40, 11.14, 56.93, 0.19, 37.20
2647, 312, 39.70, 11.72, 57.09, 0.24, 38.00
2648, 317, 39.20, 12.01, 57.09, 0.27, 38.40
2649, 327, 38.30, 12.16, 56.96, 0.27, 38.80
2650, 329, 39.20, 12.45, 57.02, 0.29, 39.40
2697, 224, 40.20, 3.06, 23.59, 0.16, 38.20
2698, 280, 39.20, 10.59, 56.98, 0.26, 38.20
2699, 300, 38.70, 11.18, 56.95, 0.28, 37.80
2700, 314, 38.80, 11.68, 56.82, 0.28, 38.80
2701, 324, 38.60, 12.15, 56.89, 0.24, 39.60
2702, 332, 38.70, 12.49, 56.98, 0.29, 40.80
2703, 337, 38.50, 12.69, 57.09, 0.28, 41.80
2704, 340, 39.10, 12.86, 57.08, 0.22, 42.70
2705, 338, 39.10, 12.83, 56.91, 0.31, 41.90
2707, 344, 38.90, 13.10, 56.99, 0.23, 42.30
2708, 342, 39.20, 13.19, 57.18, 0.26, 43.30
2709, 347, 38.40, 13.26, 57.02, 0.33, 43.20
2710, 351, 38.90, 13.50, 57.00, 0.31, 43.80
2711, 348, 39.20, 13.40, 56.83, 0.25, 44.40
2712, 344, 38.10, 13.43, 57.15, 0.31, 45.90
2713, 348, 38.20, 13.55, 56.98, 0.26, 45.80
2714, 350, 38.40, 13.50, 56.84, 0.30, 46.70
2715, 347, 39.20, 13.59, 57.14, 0.31, 46.60
2716, 350, 38.80, 13.62, 56.82, 0.25, 47.10
2717, 341, 39.50, 13.50, 56.96, 0.31, 47.50
2718, 347, 38.90, 13.61, 56.80, 0.25, 47.30
2719, 345, 39.30, 13.59, 56.90, 0.32, 48.80
2720, 348, 39.70, 13.82, 57.01, 0.27, 49.10
2721, 345, 39.10, 13.71, 57.02, 0.31, 49.00
2722, 341, 39.40, 13.66, 57.00, 0.30, 49.20
2723, 347, 39.30, 13.89, 56.95, 0.26, 49.90
2724, 346, 39.10, 13.92, 57.10, 0.29, 50.30
2725, 343, 38.50, 13.81, 56.96, 0.26, 49.50
2727, 348, 38.20, 13.92, 57.09, 0.34, 49.40
2729, 202, 38.90, 2.71, 21.37, 0.16, 49.30
2730, 317, 39.10, 13.25, 57.16, 0.29, 48.70
2731, 344, 39.00, 13.81, 57.14, 0.30, 49.70
2732, 346, 38.40, 13.85, 56.98, 0.31, 51.20
2733, 351, 38.50, 14.01, 56.83, 0.26, 50.20
2734, 346, 38.70, 13.90, 56.81, 0.29, 51.10
2735, 346, 38.80, 14.01, 57.00, 0.29, 50.90
2736, 345, 39.30, 14.00, 57.15, 0.30, 51.30
2737, 349, 39.00, 14.13, 57.13, 0.32, 52.60
2738, 348, 37.80, 14.09, 57.07, 0.34, 52.20
2739, 345, 38.90, 14.01, 56.81, 0.26, 51.80
2740, 341, 38.10, 13.99, 57.09, 0.30, 52.50
2741, 341, 39.20, 14.06, 57.05, 0.28, 53.70
2742, 343, 38.00, 14.09, 57.14, 0.29, 53.30
2743, 347, 38.80, 14.12, 57.04, 0.34, 53.90
2744, 344, 39.00, 14.17, 57.18, 0.31, 55.10
2745, 346, 37.90, 14.08, 56.85, 0.30, 54.30
2747, 343, 37.70, 14.07, 56.91, 0.34, 55.60
2748, 343, 38.70, 14.20, 57.19, 0.29, 54.90
2749, 342, 38.70, 14.14, 57.07, 0.30, 55.40
2750, 341, 39.20, 14.11, 57.13, 0.30, 55.00
2751, 344, 38.30, 14.19, 56.86, 0.26, 55.80
2752, 342, 38.00, 14.22, 57.13, 0.27, 56.80
2753, 341, 39.10, 14.11, 56.84, 0.30, 56.80
2754, 341, 38.50, 14.25, 57.18, 0.28, 56.90
2755, 343, 38.30, 14.31, 57.14, 0.29, 56.50
2756, 342, 38.30, 14.27, 57.04, 0.25, 57.70
2757, 343, 37.70, 14.63, 57.78, 0.27, 57.50
2758, 341, 38.60, 14.30, 57.18, 0.30, 57.80
2759, 342, 39.40, 14.29, 57.11, 0.30, 58.90
2760, 341, 38.70, 14.29, 57.16, 0.30, 58.10
2761, 335, 38.60, 14.18, 57.09, 0.30, 58.60
2762, 336, 39.40, 14.15, 56.92, 0.32, 59.10
2763, 339, 38.70, 14.21, 56.90, 0.32, 59.00
2764, 343, 37.60, 14.33, 56.85, 0.32, 59.50
2765, 344, 38.30, 14.38, 56.85, 0.26, 60.00
2766, 340, 38.90, 14.28, 56.83, 0.27, 59.80
2768, 342, 37.80, 14.35, 56.86, 0.28, 60.10
2769, 342, 39.40, 14.40, 57.08, 0.31, 60.80
2770, 338, 38.40, 14.27, 57.12, 0.30, 60.90
2771, 343, 38.70, 14.35, 56.85, 0.30, 61.40
2772, 341, 38.10, 14.35, 56.86, 0.32, 61.60
2773, 334, 38.00, 14.24, 56.98, 0.30, 62.10
2774, 334, 37.80, 14.27, 57.04, 0.30, 60.90
2775, 334, 39.10, 14.26, 57.00, 0.27, 61.50
2776, 335, 38.30, 14.22, 56.89, 0.32, 61.70
2777, 333, 38.10, 14.26, 57.02, 0.32, 62.10
2778, 337, 37.90, 14.31, 56.95, 0.33, 62.10
2779, 336, 37.80, 14.32, 56.97, 0.29, 62.40
2780, 338, 39.40, 14.35, 57.06, 0.28, 63.60
2781, 338, 37.80, 14.42, 57.06, 0.26, 62.50
2782, 336, 39.20, 14.29, 56.97, 0.27, 63.70
2783, 335, 37.80, 14.35, 56.98, 0.33, 63.50
2784, 335, 39.40, 14.35, 57.00, 0.29, 63.90
2785, 335, 39.40, 14.38, 57.15, 0.29, 64.60
2786, 338, 38.30, 14.42, 56.97, 0.31, 64.40
2788, 338, 37.70, 14.41, 57.01, 0.32, 65.30
2789, 337, 39.30, 14.43, 57.04, 0.30, 66.20
2790, 336, 38.20, 14.41, 57.00, 0.30, 66.00
2791, 335, 38.10, 14.33, 56.91, 0.32, 66.80
2792, 333, 38.40, 14.34, 56.99, 0.30, 65.90
2793, 334, 39.60, 14.40, 57.01, 0.29, 66.40
2794, 334, 38.00, 14.40, 57.00, 0.32, 67.00
2795, 333, 37.90, 14.35, 56.94, 0.31, 66.50
2796, 335, 38.00, 14.38, 56.90, 0.29, 66.10
2797, 329, 38.30, 14.29, 56.96, 0.28, 68.40
2798, 327, 37.80, 14.26, 56.96, 0.28, 66.70
2799, 326, 38.50, 14.25, 56.98, 0.28, 68.00
2800, 324, 39.40, 14.20, 57.14, 0.30, 68.40
2801, 327, 38.00, 14.20, 56.87, 0.30, 68.10
2802, 328, 37.60, 14.27, 56.96, 0.28, 67.40
2803, 327, 37.60, 14.32, 57.11, 0.30, 67.40
2804, 332, 38.80, 14.39, 56.97, 0.32, 67.90
2805, 329, 39.00, 14.33, 57.00, 0.28, 68.00
2822, 231, 39.60, 4.97, 30.10, 0.15, 64.40
2823, 331, 38.40, 13.81, 57.08, 0.29, 63.60
2824, 332, 38.00, 13.88, 56.98, 0.30, 63.30
2825, 333, 39.50, 13.99, 57.02, 0.31, 64.60
2826, 335, 39.30, 14.04, 57.12, 0.29, 64.70
2827, 340, 39.50, 14.21, 57.09, 0.29, 65.10
2828, 332, 39.00, 14.06, 56.95, 0.29, 65.30
2829, 333, 38.30, 14.08, 56.95, 0.26, 66.50
2855, 112, 38.80, 0.57, 8.40, 0.08, 64.80
2856, 307, 38.50, 11.85, 52.92, 0.24, 61.80
2857, 337, 38.60, 13.66, 56.94, 0.31, 62.90
2859, 337, 38.40, 13.70, 57.14, 0.28, 64.10
2860, 335, 39.80, 13.76, 57.15, 0.27, 64.50
2863, 14, 40.80, 0.34, 4.95, 0.08, 64.70
2864, 252, 38.60, 5.91, 34.12, 0.21, 66.00
2865, 329, 37.80, 13.58, 56.99, 0.28, 64.00
2866, 331, 37.80, 13.71, 56.98, 0.29, 64.50
2895, 120, 40.00, 0.58, 8.61, 0.08, 65.80
2896, 319, 39.30, 13.08, 57.27, 0.30, 63.20
2897, 342, 38.00, 13.42, 56.79, 0.27, 63.40
2898, 345, 40.40, 13.66, 57.21, 0.29, 63.90
2899, 337, 39.70, 13.58, 57.06, 0.25, 64.70
2900, 333, 38.00, 13.45, 57.03, 0.30, 65.90
2901, 340, 38.00, 13.62, 56.86, 0.30, 66.10
2902, 340, 38.20, 13.78, 56.97, 0.25, 66.50
2903, 340, 39.40, 13.83, 57.10, 0.26, 67.30
2904, 338, 39.70, 13.79, 57.14, 0.30, 68.00
2906, 340, 38.90, 13.88, 57.08, 0.27, 69.60
2907, 339, 38.90, 13.85, 56.94, 0.32, 69.00
2908, 342, 38.00, 13.91, 56.87, 0.30, 69.00
2909, 340, 37.70, 13.92, 56.84, 0.29, 68.90
2910, 339, 37.60, 13.96, 56.97, 0.32, 69.20
2911, 340, 37.70, 14.04, 56.98, 0.32, 70.40
2929, 216, 39.70, 2.09, 17.51, 0.14, 64.00
2931, 327, 40.20, 13.28, 57.02, 0.26, 64.40
2932, 335, 39.20, 13.52, 57.03, 0.29, 65.10
2936, 214, 39.30, 2.17, 18.11, 0.14, 65.40
2937, 334, 38.10, 13.41, 56.95, 0.25, 70.30
2938, 334, 39.60, 13.51, 56.97, 0.26, 67.70
2939, 333, 39.90, 13.56, 57.01, 0.29, 67.40
2940, 336, 39.20, 13.67, 56.97, 0.29, 68.10
2941, 333, 38.20, 13.69, 57.01, 0.29, 68.70
2942, 335, 39.00, 13.75, 56.95, 0.32, 68.30
2943, 335, 39.00, 13.74, 56.96, 0.25, 72.60
2944, 334, 38.70, 13.78, 56.98, 0.29, 70.90
2945, 335, 38.30, 13.83, 56.98, 0.26, 69.60
2946, 336, 39.30, 13.91, 57.03, 0.26, 71.00
2947, 335, 38.60, 13.92, 57.04, 0.26, 71.90
2948, 335, 38.50, 13.95, 57.01, 0.26, 74.70
2949, 331, 38.40, 13.93, 57.07, 0.33, 74.70
2950, 334, 39.10, 13.96, 56.97, 0.26, 75.30
2952, 336, 40.00, 13.99, 56.99, 0.28, 74.90
2953, 338, 38.40, 14.10, 57.10, 0.28, 75.30
2954, 335, 38.80, 14.01, 56.97, 0.30, 75.80
2955, 331, 40.00, 12.83, 53.50, 0.25, 77.10
2956, 328, 38.80, 12.71, 53.21, 0.25, 77.20
2957, 321, 37.60, 11.52, 49.98, 0.26, 78.60
2958, 337, 37.80, 14.15, 56.94, 0.33, 75.00
2959, 324, 38.50, 11.78, 50.51, 0.25, 79.50
2960, 314, 39.30, 10.06, 45.73, 0.24, 79.60
2964, 146, 39.40, 1.70, 16.28, 0.14, 77.20
2965, 315, 40.40, 11.62, 51.06, 0.27, 78.40
2974, 112, 39.70, 0.60, 9.04, 0.08, 75.40
2975, 294, 39.30, 10.26, 48.21, 0.29, 71.00
2984, 24, 39.40, 2.36, 34.39, 0.08, 74.70
2985, 330, 39.20, 13.40, 56.78, 0.25, 73.90
2986, 334, 40.30, 13.67, 57.07, 0.29, 75.50
2987, 337, 38.10, 13.75, 56.89, 0.31, 72.30
2988, 333, 39.00, 13.06, 54.95, 0.30, 76.40
2989, 334, 39.70, 13.78, 56.88, 0.32, 77.00
2990, 325, 39.10, 12.15, 52.30, 0.25, 77.40
2991, 321, 38.90, 10.42, 47.19, 0.24, 78.40
2992, 318, 37.80, 9.92, 45.60, 0.24, 79.20
2993, 314, 39.10, 9.44, 44.27, 0.25, 79.30
2994, 330, 38.60, 13.87, 57.01, 0.28, 74.10
2996, 336, 38.60, 14.55, 58.68, 0.26, 76.10
2997, 333, 37.80, 13.61, 55.92, 0.33, 75.80
2998, 325, 39.80, 11.63, 50.40, 0.24, 77.40
2999, 304, 38.70, 8.46, 41.11, 0.24, 79.20
3000, 300, 38.60, 8.89, 42.69, 0.25, 80.50
3001, 284, 38.60, 6.69, 35.60, 0.23, 79.70
3002, 240, 39.00, 3.92, 25.63, 0.17, 79.00
3003, 263, 40.80, 5.31, 31.08, 0.20, 80.00
3004, 309, 40.60, 9.52, 44.69, 0.25, 78.30
3005, 317, 39.10, 9.83, 45.26, 0.24, 79.00
3006, 307, 39.10, 9.26, 43.55, 0.28, 76.90
3007, 301, 38.90, 7.81, 38.83, 0.22, 80.30
3017, 202, 38.30, 2.81, 22.00, 0.16, 75.90
3019, 331, 38.70, 13.61, 57.00, 0.30, 75.50
3020, 332, 39.50, 13.63, 56.79, 0.28, 75.20
3021, 333, 39.80, 12.84, 54.24, 0.26, 77.90
3033, 208, 39.10, 4.86, 31.28, 0.20, 76.40
3035, 209, 38.40, 2.42, 19.74, 0.14, 76.30
3042, 272, 39.50, 7.44, 39.96, 0.21, 76.00
3045, 118, 39.40, 0.65, 9.65, 0.08, 75.70
3048, 180, 39.70, 3.06, 23.58, 0.17, 74.80
3049, 125, 41.10, 0.56, 8.38, 0.08, 75.10
3051, 20, 40.10, 0.00, 0.00, 0.01, 70.90
3052, 281, 39.30, 8.12, 42.65, 0.23, 75.00
3055, 19, 38.40, 0.30, 4.23, 0.08, 74.80
3056, 251, 39.20, 6.02, 35.21, 0.21, 72.60
3057, 287, 38.20, 7.57, 40.00, 0.23, 76.40
3058, 325, 38.60, 12.59, 55.15, 0.28, 74.80
3059, 335, 37.90, 13.30, 56.56, 0.27, 76.70
3060, 335, 39.20, 13.88, 57.98, 0.33, 75.10
3061, 334, 38.20, 13.81, 57.53, 0.29, 73.90
3062, 335, 39.20, 12.72, 54.13, 0.31, 76.40
3063, 319, 37.80, 9.71, 45.30, 0.28, 77.30
3065, 301, 38.00, 8.16, 40.75, 0.24, 80.30
3066, 317, 40.70, 9.32, 44.12, 0.24, 78.40
3067, 306, 39.50, 8.84, 42.86, 0.24, 80.30
3068, 320, 39.10, 12.98, 55.23, 0.26, 78.50
3069, 325, 39.20, 11.13, 49.56, 0.29, 78.10
3070, 280, 39.10, 5.90, 32.91, 0.19, 82.60
3071, 275, 38.10, 5.84, 32.98, 0.19, 81.40
3072, 305, 39.20, 10.22, 47.26, 0.26, 78.10
3073, 278, 39.30, 6.49, 35.34, 0.19, 81.60
3074, 315, 38.60, 10.65, 48.58, 0.27, 77.70
3075, 324, 40.40, 11.62, 51.00, 0.25, 76.80
3076, 316, 38.70, 10.16, 46.83, 0.27, 78.40
3077, 289, 40.30, 6.43, 34.69, 0.21, 80.20
3078, 275, 39.00, 6.11, 34.06, 0.21, 80.90
3079, 283, 40.80, 7.02, 37.30, 0.22, 80.50
3080, 301, 39.00, 8.96, 43.36, 0.24, 79.60
3081, 281, 39.60, 6.29, 34.52, 0.21, 81.20
3082, 276, 39.20, 6.07, 33.86, 0.20, 82.10
3083, 274, 39.30, 5.86, 33.16, 0.21, 81.90
3085, 293, 38.00, 8.27, 41.19, 0.23, 80.80
3086, 305, 39.10, 9.95, 46.49, 0.24, 78.10
3087, 316, 39.70, 9.94, 46.12, 0.26, 78.00
3088, 310, 38.70, 9.56, 45.01, 0.25, 79.50
3089, 305, 39.40, 9.55, 45.16, 0.27, 79.00
3090, 300, 39.10, 7.69, 38.93, 0.23, 81.00
3093, 115, 39.50, 0.64, 9.53, 0.08, 81.20
3094, 301, 39.10, 9.51, 45.66, 0.24, 80.50
3095, 288, 40.50, 7.67, 39.64, 0.22, 79.80
3097, 106, 41.20, 0.58, 8.66, 0.08, 81.90
3099, 19, 39.70, 0.31, 4.48, 0.08, 80.00
3100, 258, 40.20, 6.14, 35.02, 0.22, 77.10
3101, 305, 40.10, 10.26, 48.05, 0.26, 79.00
3102, 279, 39.10, 6.56, 35.92, 0.21, 79.90
3103, 287, 39.30, 7.57, 39.37, 0.23, 81.10
3104, 257, 38.90, 4.97, 30.24, 0.20, 82.10
3106, 262, 39.30, 5.27, 31.42, 0.20, 82.80
3107, 265, 39.80, 4.98, 30.04, 0.20, 81.40
3108, 297, 40.60, 9.00, 43.99, 0.22, 78.40
3109, 264, 39.20, 6.26, 34.93, 0.19, 82.20
3110, 270, 39.00, 5.37, 31.43, 0.20, 82.00
3111, 252, 38.10, 4.94, 30.55, 0.20, 81.40
3112, 272, 38.80, 6.18, 34.58, 0.19, 81.40
3113, 261, 38.20, 5.09, 30.66, 0.19, 82.80
3114, 263, 41.00, 5.37, 31.73, 0.20, 82.60
3128, 230, 40.00, 5.84, 35.17, 0.17, 77.00
3130, 317, 39.00, 12.12, 54.31, 0.28, 78.40
3131, 315, 39.20, 10.44, 48.68, 0.26, 78.80
3132, 297, 39.00, 7.53, 39.07, 0.22, 80.70
3133, 287, 39.40, 7.30, 38.75, 0.24, 80.70
3134, 328, 40.50, 11.15, 50.09, 0.24, 78.90
3135, 327, 38.90, 10.67, 48.47, 0.27, 78.50
3168, 9, 40.10, 2.63, 35.30, 0.11, 75.60
3170, 211, 38.60, 3.03, 23.53, 0.16, 74.80
3171, 313, 40.70, 12.47, 56.23, 0.29, 75.50
3172, 317, 38.60, 11.91, 53.90, 0.22, 77.50
3761, 241, 40.40, 5.99, 38.24, 0.13, 48.90
3763, 243, 39.20, 5.74, 36.20, 0.14, 50.80
3764, 261, 39.40, 10.15, 57.16, 0.23, 50.40
3765, 289, 38.40, 10.82, 56.71, 0.27, 51.10
3767, 303, 39.30, 11.57, 57.02, 0.26, 51.70
3768, 318, 39.50, 11.90, 56.78, 0.21, 52.40
3769, 327, 38.40, 12.36, 56.94, 0.25, 53.30
3770, 329, 38.40, 12.52, 56.99, 0.29, 54.10
3771, 341, 39.10, 12.76, 56.85, 0.28, 54.90
3772, 340, 38.80, 13.00, 57.14, 0.27, 55.30
3773, 334, 39.00, 12.89, 57.11, 0.28, 55.80
3774, 337, 39.90, 12.99, 57.03, 0.25, 55.50
3775, 338, 39.40, 13.09, 57.19, 0.30, 56.70
3776, 343, 38.60, 13.34, 57.17, 0.29, 56.40
3778, 219, 40.10, 2.16, 18.22, 0.15, 56.50
3779, 328, 38.30, 12.78, 57.00, 0.28, 56.80
3780, 328, 38.20, 12.94, 56.98, 0.26, 56.80
3781, 341, 38.30, 13.19, 56.85, 0.28, 56.60
3782, 339, 38.30, 13.35, 57.19, 0.29, 57.30
3783, 334, 38.40, 13.22, 57.01, 0.29, 58.60
3784, 338, 37.90, 13.36, 57.08, 0.24, 58.90
3785, 348, 38.10, 13.52, 56.85, 0.27, 59.50
3787, 336, 38.40, 13.30, 57.02, 0.32, 58.90
3788, 338, 39.10, 13.43, 56.92, 0.33, 60.10
3789, 347, 38.80, 13.66, 56.82, 0.26, 60.10
3790, 340, 38.70, 13.63, 57.10, 0.30, 60.10
3791, 344, 38.60, 13.68, 56.98, 0.31, 60.10
3792, 340, 37.80, 13.61, 56.84, 0.32, 60.90
3793, 342, 37.80, 13.69, 56.86, 0.25, 60.60
3794, 346, 39.40, 13.92, 57.13, 0.28, 61.40
3795, 350, 38.10, 13.87, 56.79, 0.29, 62.90
3797, 87, 38.70, 0.64, 9.55, 0.08, 62.80
3799, 238, 40.00, 4.93, 30.01, 0.14, 61.90
3800, 329, 39.90, 13.35, 56.97, 0.29, 61.60
3801, 334, 38.40, 13.53, 56.99, 0.25, 60.60
3802, 339, 39.50, 13.62, 56.87, 0.31, 61.40
3803, 339, 37.90, 13.72, 57.01, 0.30, 62.70
3804, 344, 38.20, 13.90, 57.05, 0.28, 62.90
3805, 342, 38.00, 13.86, 57.09, 0.30, 63.00
3806, 339, 37.80, 13.80, 56.98, 0.32, 63.50
3808, 331, 37.90, 13.68, 56.99, 0.26, 63.80
3809, 341, 39.50, 13.85, 56.86, 0.29, 63.50
3810, 332, 38.70, 13.71, 57.01, 0.26, 65.30
3811, 334, 39.50, 13.81, 56.96, 0.31, 64.20
3812, 335, 38.80, 13.85, 57.07, 0.29, 65.50
3813, 340, 39.40, 13.98, 57.03, 0.30, 64.00
3814, 337, 37.90, 13.87, 56.85, 0.30, 65.40
3815, 339, 37.80, 13.98, 56.97, 0.27, 66.70
3818, 204, 40.20, 2.76, 21.43, 0.16, 65.70
3819, 331, 38.60, 13.75, 57.01, 0.29, 65.10
3820, 337, 39.60, 13.90, 56.98, 0.30, 65.50
3821, 336, 39.40, 13.92, 57.02, 0.30, 66.30
3822, 341, 38.70, 14.07, 57.12, 0.28, 66.10
3823, 339, 38.10, 14.01, 56.96, 0.32, 66.40
3824, 340, 38.30, 14.06, 57.07, 0.30, 67.70
3825, 343, 38.40, 14.15, 57.15, 0.29, 68.00
3826, 340, 38.70, 14.12, 57.10, 0.28, 68.00
3828, 335, 38.10, 14.05, 57.15, 0.28, 68.60
3834, 181, 38.50, 2.86, 22.10, 0.17, 65.30
3835, 332, 38.60, 13.71, 57.01, 0.31, 65.70
3838, 0, 40.00, 0.00, 0.00, 0.00, 64.00
3839, 236, 39.20, 4.78, 29.91, 0.20, 65.80
3840, 336, 38.10, 13.69, 56.99, 0.32, 64.60
3841, 338, 38.20, 13.78, 56.96, 0.29, 64.70
3842, 340, 39.60, 13.84, 56.84, 0.29, 65.90
3843, 342, 39.30, 13.94, 56.83, 0.28, 65.60
18391, -5, 40.20, 2.61, 38.65, 0.08, 36.80
71322, 8, 39.00, 6.28, 59.03, 0.10, 27.60
71324, 156, 40.50, 0.15, 2.50, 0.08, 28.50
11, 140, 40.60, 0.46, 7.42, 0.08, 25.50
12, 546, 40.50, 0.52, 2.32, 0.26, 25.80
15, 534, 40.00, 0.52, 2.40, 0.26, 26.20
